function dy = melting_dy(t,y)
   % dy=[2*2500*y(1)-1000000*y(2)*y(2)]
  % A=[0 0 5*100000 -0.0001 0 0 0;0.0001 0.5*1000000 0 0 0 0 0];
  % dy=[2*2500*y(1)-10^(6)*y(5)*y(5)-5*10^(5)*y(4)*y(5)+0.0001*y(2);-5*10^(5)*y(4)*y(5)+0.0001*y(2);-1.9*0.0001*y(3);5*10^(5)*y(4)*y(5)-0.0001*y(2);-0.0001*y(1)+0.5*10^(6)*y(5)*y(5)];
   dy=[-25*y(1)+0.5*10^(6)*y(2)*y(2);2*25*y(1)-10^(6)*y(2)*y(2)]; 
end